   1  1.00000000e+00  9.74437532e+09  3.56486511e-01   5.26664109e+11   2.70000000e-02   4.00000000e-01 
   2  2.00000000e+00  6.48862657e+09  3.02242703e-01   1.23211332e+11   2.70000000e-02   4.00000000e-01 
   3  3.00000000e+00  1.96371911e+09  3.30546788e-01   4.58857185e+11   2.70000000e-02   4.00000000e-01 
   4  4.00000000e+00  9.96009706e+09  3.82041073e-01   1.45596288e+11   2.70000000e-02   4.00000000e-01 
   5  5.00000000e+00  6.43751045e+09  3.48520409e-01   8.64565171e+11   2.70000000e-02   4.00000000e-01 
   6  6.00000000e+00  7.50655248e+09  3.11487061e-01   6.20227905e+11   2.70000000e-02   4.00000000e-01 
   7  7.00000000e+00  5.58067050e+09  2.22169005e-01   6.57841026e+11   2.70000000e-02   4.00000000e-01 
   8  8.00000000e+00  9.20872269e+09  2.83868690e-01   2.55394265e+11   2.70000000e-02   4.00000000e-01 
   9  9.00000000e+00  1.07852923e+09  2.38777886e-01   9.38519489e+11   2.70000000e-02   4.00000000e-01 
  10  1.00000000e+01  4.09198389e+09  3.90237815e-01   6.62341697e+11   2.70000000e-02   4.00000000e-01 
  11  1.10000000e+01  9.27412597e+09  3.54689225e-01   5.41378554e+11   2.70000000e-02   4.00000000e-01 
  12  1.20000000e+01  1.07997439e+09  3.89556531e-01   1.47213192e+11   2.70000000e-02   4.00000000e-01 
  13  1.30000000e+01  8.95006453e+09  3.65834718e-01   5.07326262e+11   2.70000000e-02   4.00000000e-01 
  14  1.40000000e+01  6.57623032e+09  3.24992095e-01   3.03784980e+11   2.70000000e-02   4.00000000e-01 
  15  1.50000000e+01  4.85142752e+09  3.70417893e-01   6.10046865e+11   2.70000000e-02   4.00000000e-01 
  16  1.60000000e+01  1.29226196e+09  2.05236665e-01   7.97020642e+11   2.70000000e-02   4.00000000e-01 
  17  1.70000000e+01  3.70987315e+09  3.48094809e-01   9.55925381e+11   2.70000000e-02   4.00000000e-01 
  18  1.80000000e+01  8.92983489e+09  3.93826006e-01   1.14852866e+11   2.70000000e-02   4.00000000e-01 
  19  1.90000000e+01  8.67917047e+09  3.83801208e-01   4.72660299e+10   2.70000000e-02   4.00000000e-01 
  20  2.00000000e+01  2.44516335e+09  2.34713567e-01   2.44002184e+11   2.70000000e-02   4.00000000e-01 
  21  2.10000000e+01  8.17036861e+09  3.50079137e-01   6.40276177e+11   2.70000000e-02   4.00000000e-01 
  22  2.20000000e+01  1.92295217e+09  2.07658004e-01   2.59608804e+11   2.70000000e-02   4.00000000e-01 
  23  2.30000000e+01  7.60643332e+09  3.58033397e-01   6.04730680e+11   2.70000000e-02   4.00000000e-01 
  24  2.40000000e+01  5.01071069e+09  2.62560236e-01   4.61054429e+10   2.70000000e-02   4.00000000e-01 
  25  2.50000000e+01  2.92386026e+09  2.63077337e-01   4.17865588e+11   2.70000000e-02   4.00000000e-01 
  26  2.60000000e+01  4.44932427e+09  3.43011861e-01   4.76023979e+10   2.70000000e-02   4.00000000e-01 
  27  2.70000000e+01  9.51811510e+09  3.98134387e-01   8.29828156e+11   2.70000000e-02   4.00000000e-01 
  28  2.80000000e+01  2.71017030e+09  3.40951774e-01   9.06686352e+11   2.70000000e-02   4.00000000e-01 
  29  2.90000000e+01  8.87418560e+09  2.39609275e-01   6.12206226e+11   2.70000000e-02   4.00000000e-01 
  30  3.00000000e+01  1.76744487e+09  3.56145806e-01   3.19963982e+11   2.70000000e-02   4.00000000e-01 
  31  3.10000000e+01  7.24347095e+09  3.43425329e-01   1.06179430e+11   2.70000000e-02   4.00000000e-01 
  32  3.20000000e+01  5.22117300e+09  2.08366064e-01   9.63898476e+10   2.70000000e-02   4.00000000e-01 
  33  3.30000000e+01  2.45930789e+09  2.86290386e-01   9.55825788e+11   2.70000000e-02   4.00000000e-01 
  34  3.40000000e+01  2.40674569e+09  2.77008837e-01   6.52334344e+11   2.70000000e-02   4.00000000e-01 
  35  3.50000000e+01  9.91742235e+09  2.34699773e-01   7.71300047e+11   2.70000000e-02   4.00000000e-01 
  36  3.60000000e+01  4.85056878e+09  3.60737880e-01   3.67184903e+11   2.70000000e-02   4.00000000e-01 
  37  3.70000000e+01  7.15780146e+09  3.73490756e-01   5.46339306e+11   2.70000000e-02   4.00000000e-01 
  38  3.80000000e+01  8.24582189e+09  3.62155590e-01   9.47301457e+11   2.70000000e-02   4.00000000e-01 
  39  3.90000000e+01  6.44830219e+09  3.48874508e-01   9.22222059e+11   2.70000000e-02   4.00000000e-01 
  40  4.00000000e+01  7.71474574e+09  2.04272195e-01   3.20308820e+11   2.70000000e-02   4.00000000e-01 
  41  4.10000000e+01  4.72154154e+09  2.91931697e-01   9.09529172e+11   2.70000000e-02   4.00000000e-01 
  42  4.20000000e+01  9.17082646e+09  3.43652226e-01   7.69762400e+11   2.70000000e-02   4.00000000e-01 
  43  4.30000000e+01  6.00138933e+09  3.28744362e-01   2.81611741e+11   2.70000000e-02   4.00000000e-01 
  44  4.40000000e+01  1.81566098e+09  3.12695814e-01   8.83514634e+11   2.70000000e-02   4.00000000e-01 
  45  4.50000000e+01  9.40894276e+09  3.57734957e-01   2.14365862e+11   2.70000000e-02   4.00000000e-01 
  46  4.60000000e+01  3.28431080e+09  2.06599777e-01   5.68436336e+11   2.70000000e-02   4.00000000e-01 
  47  4.70000000e+01  2.21493500e+09  2.23345909e-01   3.45600573e+11   2.70000000e-02   4.00000000e-01 
  48  4.80000000e+01  7.96915818e+09  3.38577053e-01   5.51384402e+11   2.70000000e-02   4.00000000e-01 
  49  4.90000000e+01  1.69959715e+09  2.59905068e-01   9.02321713e+11   2.70000000e-02   4.00000000e-01 
  50  5.00000000e+01  3.55363390e+09  2.47039978e-01   3.91241692e+11   2.70000000e-02   4.00000000e-01 
  51  5.10000000e+01  3.58592989e+09  2.83284961e-01   9.69909394e+11   2.70000000e-02   4.00000000e-01 
  52  5.20000000e+01  6.65507219e+09  2.53578653e-01   6.91503084e+11   2.70000000e-02   4.00000000e-01 
  53  5.30000000e+01  2.73476794e+09  2.20159661e-01   6.99985576e+11   2.70000000e-02   4.00000000e-01 
  54  5.40000000e+01  4.54026944e+09  3.42483827e-01   7.78375432e+11   2.70000000e-02   4.00000000e-01 
  55  5.50000000e+01  3.87828454e+09  3.43039970e-01   8.92476900e+11   2.70000000e-02   4.00000000e-01 
  56  5.60000000e+01  3.38524054e+09  3.37124002e-01   4.53329539e+11   2.70000000e-02   4.00000000e-01 
  57  5.70000000e+01  2.08146850e+09  3.71212806e-01   2.56046450e+11   2.70000000e-02   4.00000000e-01 
  58  5.80000000e+01  6.98921530e+09  2.52062089e-01   4.76966812e+11   2.70000000e-02   4.00000000e-01 
  59  5.90000000e+01  4.17476555e+09  3.30245403e-01   6.95856491e+11   2.70000000e-02   4.00000000e-01 
  60  6.00000000e+01  9.76568405e+09  2.50515007e-01   6.10126275e+11   2.70000000e-02   4.00000000e-01 
  61  6.10000000e+01  1.95356789e+09  3.05880978e-01   9.69947634e+10   2.70000000e-02   4.00000000e-01 
  62  6.20000000e+01  6.73390456e+09  3.73355724e-01   3.18126035e+11   2.70000000e-02   4.00000000e-01 
  63  6.30000000e+01  9.73212916e+09  3.58106311e-01   2.25728022e+11   2.70000000e-02   4.00000000e-01 
  64  6.40000000e+01  6.68587494e+09  3.51883787e-01   7.01992410e+11   2.70000000e-02   4.00000000e-01 
  65  6.50000000e+01  9.82359866e+09  2.13035889e-01   6.65574742e+11   2.70000000e-02   4.00000000e-01 
  66  6.60000000e+01  4.07908795e+09  3.06380797e-01   5.79678155e+11   2.70000000e-02   4.00000000e-01 
  67  6.70000000e+01  7.36190252e+09  2.57508607e-01   3.89026729e+11   2.70000000e-02   4.00000000e-01 
  68  6.80000000e+01  1.20992998e+09  2.36158348e-01   3.78442557e+11   2.70000000e-02   4.00000000e-01 
  69  6.90000000e+01  9.02458330e+09  2.30959393e-01   3.03073944e+11   2.70000000e-02   4.00000000e-01 
  70  7.00000000e+01  3.03279106e+09  3.45980587e-01   5.32034084e+11   2.70000000e-02   4.00000000e-01 
  71  7.10000000e+01  1.84885987e+09  3.90935087e-01   6.45895496e+11   2.70000000e-02   4.00000000e-01 
  72  7.20000000e+01  2.93455519e+09  3.26620508e-01   6.25802611e+11   2.70000000e-02   4.00000000e-01 
  73  7.30000000e+01  2.42986067e+09  2.68961518e-01   2.96995092e+11   2.70000000e-02   4.00000000e-01 
  74  7.40000000e+01  6.03086224e+09  3.44711232e-01   4.48139312e+11   2.70000000e-02   4.00000000e-01 
  75  7.50000000e+01  7.00551356e+09  2.27827806e-01   4.22001030e+11   2.70000000e-02   4.00000000e-01 
  76  7.60000000e+01  2.63211185e+09  3.68010886e-01   2.10414345e+11   2.70000000e-02   4.00000000e-01 
  77  7.70000000e+01  4.37955619e+09  2.34276015e-01   6.32026039e+11   2.70000000e-02   4.00000000e-01 
  78  7.80000000e+01  1.21958961e+09  3.91129345e-01   2.36593075e+11   2.70000000e-02   4.00000000e-01 
  79  7.90000000e+01  8.56901435e+09  2.99062543e-01   1.05038362e+11   2.70000000e-02   4.00000000e-01 
  80  8.00000000e+01  5.22496538e+09  2.88264574e-01   4.63870998e+11   2.70000000e-02   4.00000000e-01 
  81  8.10000000e+01  1.16222730e+09  2.59839135e-01   1.12641388e+11   2.70000000e-02   4.00000000e-01 
  82  8.20000000e+01  9.62689060e+09  3.10201442e-01   4.50233944e+11   2.70000000e-02   4.00000000e-01 
  83  8.30000000e+01  9.77750076e+09  3.74637045e-01   4.42009025e+11   2.70000000e-02   4.00000000e-01 
  84  8.40000000e+01  9.26441703e+09  3.16719988e-01   6.14629833e+11   2.70000000e-02   4.00000000e-01 
  85  8.50000000e+01  9.37362475e+09  2.32950285e-01   6.51778185e+11   2.70000000e-02   4.00000000e-01 
  86  8.60000000e+01  9.30719862e+09  2.18000084e-01   3.39506854e+11   2.70000000e-02   4.00000000e-01 
  87  8.70000000e+01  6.29317921e+09  2.16841880e-01   2.74347641e+11   2.70000000e-02   4.00000000e-01 
  88  8.80000000e+01  8.95882731e+09  2.01779244e-01   3.84727885e+11   2.70000000e-02   4.00000000e-01 
  89  8.90000000e+01  3.67899877e+09  3.48360378e-01   6.53075915e+10   2.70000000e-02   4.00000000e-01 
  90  9.00000000e+01  6.56642466e+09  2.47317069e-01   7.38188897e+10   2.70000000e-02   4.00000000e-01 
  91  9.10000000e+01  5.43153352e+09  2.63876857e-01   6.91826295e+11   2.70000000e-02   4.00000000e-01 
  92  9.20000000e+01  7.61897725e+09  3.75487398e-01   2.68950605e+11   2.70000000e-02   4.00000000e-01 
  93  9.30000000e+01  5.51878166e+09  3.47398771e-01   3.91709413e+11   2.70000000e-02   4.00000000e-01 
  94  9.40000000e+01  2.43712925e+09  2.92847702e-01   7.58172004e+11   2.70000000e-02   4.00000000e-01 
  95  9.50000000e+01  1.51446138e+09  3.80706134e-01   3.60047242e+11   2.70000000e-02   4.00000000e-01 
  96  9.60000000e+01  8.13535539e+09  2.15508314e-01   3.14577716e+11   2.70000000e-02   4.00000000e-01 
  97  9.70000000e+01  3.42833941e+09  2.99370096e-01   8.25795115e+11   2.70000000e-02   4.00000000e-01 
  98  9.80000000e+01  4.62333549e+09  2.62191219e-01   9.73916507e+11   2.70000000e-02   4.00000000e-01 
  99  9.90000000e+01  8.82360028e+09  3.85171655e-01   4.97507446e+11   2.70000000e-02   4.00000000e-01 
 100  1.00000000e+02  3.86672274e+09  3.08374442e-01   8.71521725e+11   2.70000000e-02   4.00000000e-01 
 101  1.00000000e+00  9.74437532e+09  3.56486511e-01   5.26664109e+11  2.70000000e-02   5.00000000e-01 
 102  2.00000000e+00  6.48862657e+09  3.02242703e-01   1.23211332e+11  2.70000000e-02   5.00000000e-01 
 103  3.00000000e+00  1.96371911e+09  3.30546788e-01   4.58857185e+11  2.70000000e-02   5.00000000e-01 
 104  4.00000000e+00  9.96009706e+09  3.82041073e-01   1.45596288e+11  2.70000000e-02   5.00000000e-01 
 105  5.00000000e+00  6.43751045e+09  3.48520409e-01   8.64565171e+11  2.70000000e-02   5.00000000e-01 
 106  6.00000000e+00  7.50655248e+09  3.11487061e-01   6.20227905e+11  2.70000000e-02   5.00000000e-01 
 107  7.00000000e+00  5.58067050e+09  2.22169005e-01   6.57841026e+11  2.70000000e-02   5.00000000e-01 
 108  8.00000000e+00  9.20872269e+09  2.83868690e-01   2.55394265e+11  2.70000000e-02   5.00000000e-01 
 109  9.00000000e+00  1.07852923e+09  2.38777886e-01   9.38519489e+11  2.70000000e-02   5.00000000e-01 
 110  1.00000000e+01  4.09198389e+09  3.90237815e-01   6.62341697e+11  2.70000000e-02   5.00000000e-01 
 111  1.10000000e+01  9.27412597e+09  3.54689225e-01   5.41378554e+11  2.70000000e-02   5.00000000e-01 
 112  1.20000000e+01  1.07997439e+09  3.89556531e-01   1.47213192e+11  2.70000000e-02   5.00000000e-01 
 113  1.30000000e+01  8.95006453e+09  3.65834718e-01   5.07326262e+11  2.70000000e-02   5.00000000e-01 
 114  1.40000000e+01  6.57623032e+09  3.24992095e-01   3.03784980e+11  2.70000000e-02   5.00000000e-01 
 115  1.50000000e+01  4.85142752e+09  3.70417893e-01   6.10046865e+11  2.70000000e-02   5.00000000e-01 
 116  1.60000000e+01  1.29226196e+09  2.05236665e-01   7.97020642e+11  2.70000000e-02   5.00000000e-01 
 117  1.70000000e+01  3.70987315e+09  3.48094809e-01   9.55925381e+11  2.70000000e-02   5.00000000e-01 
 118  1.80000000e+01  8.92983489e+09  3.93826006e-01   1.14852866e+11  2.70000000e-02   5.00000000e-01 
 119  1.90000000e+01  8.67917047e+09  3.83801208e-01   4.72660299e+10  2.70000000e-02   5.00000000e-01 
 120  2.00000000e+01  2.44516335e+09  2.34713567e-01   2.44002184e+11  2.70000000e-02   5.00000000e-01 
 121  2.10000000e+01  8.17036861e+09  3.50079137e-01   6.40276177e+11  2.70000000e-02   5.00000000e-01 
 122  2.20000000e+01  1.92295217e+09  2.07658004e-01   2.59608804e+11  2.70000000e-02   5.00000000e-01 
 123  2.30000000e+01  7.60643332e+09  3.58033397e-01   6.04730680e+11  2.70000000e-02   5.00000000e-01 
 124  2.40000000e+01  5.01071069e+09  2.62560236e-01   4.61054429e+10  2.70000000e-02   5.00000000e-01 
 125  2.50000000e+01  2.92386026e+09  2.63077337e-01   4.17865588e+11  2.70000000e-02   5.00000000e-01 
 126  2.60000000e+01  4.44932427e+09  3.43011861e-01   4.76023979e+10  2.70000000e-02   5.00000000e-01 
 127  2.70000000e+01  9.51811510e+09  3.98134387e-01   8.29828156e+11  2.70000000e-02   5.00000000e-01 
 128  2.80000000e+01  2.71017030e+09  3.40951774e-01   9.06686352e+11  2.70000000e-02   5.00000000e-01 
 129  2.90000000e+01  8.87418560e+09  2.39609275e-01   6.12206226e+11  2.70000000e-02   5.00000000e-01 
 130  3.00000000e+01  1.76744487e+09  3.56145806e-01   3.19963982e+11  2.70000000e-02   5.00000000e-01 
 131  3.10000000e+01  7.24347095e+09  3.43425329e-01   1.06179430e+11  2.70000000e-02   5.00000000e-01 
 132  3.20000000e+01  5.22117300e+09  2.08366064e-01   9.63898476e+10  2.70000000e-02   5.00000000e-01 
 133  3.30000000e+01  2.45930789e+09  2.86290386e-01   9.55825788e+11  2.70000000e-02   5.00000000e-01 
 134  3.40000000e+01  2.40674569e+09  2.77008837e-01   6.52334344e+11  2.70000000e-02   5.00000000e-01 
 135  3.50000000e+01  9.91742235e+09  2.34699773e-01   7.71300047e+11  2.70000000e-02   5.00000000e-01 
 136  3.60000000e+01  4.85056878e+09  3.60737880e-01   3.67184903e+11  2.70000000e-02   5.00000000e-01 
 137  3.70000000e+01  7.15780146e+09  3.73490756e-01   5.46339306e+11  2.70000000e-02   5.00000000e-01 
 138  3.80000000e+01  8.24582189e+09  3.62155590e-01   9.47301457e+11  2.70000000e-02   5.00000000e-01 
 139  3.90000000e+01  6.44830219e+09  3.48874508e-01   9.22222059e+11  2.70000000e-02   5.00000000e-01 
 140  4.00000000e+01  7.71474574e+09  2.04272195e-01   3.20308820e+11  2.70000000e-02   5.00000000e-01 
 141  4.10000000e+01  4.72154154e+09  2.91931697e-01   9.09529172e+11  2.70000000e-02   5.00000000e-01 
 142  4.20000000e+01  9.17082646e+09  3.43652226e-01   7.69762400e+11  2.70000000e-02   5.00000000e-01 
 143  4.30000000e+01  6.00138933e+09  3.28744362e-01   2.81611741e+11  2.70000000e-02   5.00000000e-01 
 144  4.40000000e+01  1.81566098e+09  3.12695814e-01   8.83514634e+11  2.70000000e-02   5.00000000e-01 
 145  4.50000000e+01  9.40894276e+09  3.57734957e-01   2.14365862e+11  2.70000000e-02   5.00000000e-01 
 146  4.60000000e+01  3.28431080e+09  2.06599777e-01   5.68436336e+11  2.70000000e-02   5.00000000e-01 
 147  4.70000000e+01  2.21493500e+09  2.23345909e-01   3.45600573e+11  2.70000000e-02   5.00000000e-01 
 148  4.80000000e+01  7.96915818e+09  3.38577053e-01   5.51384402e+11  2.70000000e-02   5.00000000e-01 
 149  4.90000000e+01  1.69959715e+09  2.59905068e-01   9.02321713e+11  2.70000000e-02   5.00000000e-01 
 150  5.00000000e+01  3.55363390e+09  2.47039978e-01   3.91241692e+11  2.70000000e-02   5.00000000e-01 
 151  5.10000000e+01  3.58592989e+09  2.83284961e-01   9.69909394e+11  2.70000000e-02   5.00000000e-01 
 152  5.20000000e+01  6.65507219e+09  2.53578653e-01   6.91503084e+11  2.70000000e-02   5.00000000e-01 
 153  5.30000000e+01  2.73476794e+09  2.20159661e-01   6.99985576e+11  2.70000000e-02   5.00000000e-01 
 154  5.40000000e+01  4.54026944e+09  3.42483827e-01   7.78375432e+11  2.70000000e-02   5.00000000e-01 
 155  5.50000000e+01  3.87828454e+09  3.43039970e-01   8.92476900e+11  2.70000000e-02   5.00000000e-01 
 156  5.60000000e+01  3.38524054e+09  3.37124002e-01   4.53329539e+11  2.70000000e-02   5.00000000e-01 
 157  5.70000000e+01  2.08146850e+09  3.71212806e-01   2.56046450e+11  2.70000000e-02   5.00000000e-01 
 158  5.80000000e+01  6.98921530e+09  2.52062089e-01   4.76966812e+11  2.70000000e-02   5.00000000e-01 
 159  5.90000000e+01  4.17476555e+09  3.30245403e-01   6.95856491e+11  2.70000000e-02   5.00000000e-01 
 160  6.00000000e+01  9.76568405e+09  2.50515007e-01   6.10126275e+11  2.70000000e-02   5.00000000e-01 
 161  6.10000000e+01  1.95356789e+09  3.05880978e-01   9.69947634e+10  2.70000000e-02   5.00000000e-01 
 162  6.20000000e+01  6.73390456e+09  3.73355724e-01   3.18126035e+11  2.70000000e-02   5.00000000e-01 
 163  6.30000000e+01  9.73212916e+09  3.58106311e-01   2.25728022e+11  2.70000000e-02   5.00000000e-01 
 164  6.40000000e+01  6.68587494e+09  3.51883787e-01   7.01992410e+11  2.70000000e-02   5.00000000e-01 
 165  6.50000000e+01  9.82359866e+09  2.13035889e-01   6.65574742e+11  2.70000000e-02   5.00000000e-01 
 166  6.60000000e+01  4.07908795e+09  3.06380797e-01   5.79678155e+11  2.70000000e-02   5.00000000e-01 
 167  6.70000000e+01  7.36190252e+09  2.57508607e-01   3.89026729e+11  2.70000000e-02   5.00000000e-01 
 168  6.80000000e+01  1.20992998e+09  2.36158348e-01   3.78442557e+11  2.70000000e-02   5.00000000e-01 
 169  6.90000000e+01  9.02458330e+09  2.30959393e-01   3.03073944e+11  2.70000000e-02   5.00000000e-01 
 170  7.00000000e+01  3.03279106e+09  3.45980587e-01   5.32034084e+11  2.70000000e-02   5.00000000e-01 
 171  7.10000000e+01  1.84885987e+09  3.90935087e-01   6.45895496e+11  2.70000000e-02   5.00000000e-01 
 172  7.20000000e+01  2.93455519e+09  3.26620508e-01   6.25802611e+11  2.70000000e-02   5.00000000e-01 
 173  7.30000000e+01  2.42986067e+09  2.68961518e-01   2.96995092e+11  2.70000000e-02   5.00000000e-01 
 174  7.40000000e+01  6.03086224e+09  3.44711232e-01   4.48139312e+11  2.70000000e-02   5.00000000e-01 
 175  7.50000000e+01  7.00551356e+09  2.27827806e-01   4.22001030e+11  2.70000000e-02   5.00000000e-01 
 176  7.60000000e+01  2.63211185e+09  3.68010886e-01   2.10414345e+11  2.70000000e-02   5.00000000e-01 
 177  7.70000000e+01  4.37955619e+09  2.34276015e-01   6.32026039e+11  2.70000000e-02   5.00000000e-01 
 178  7.80000000e+01  1.21958961e+09  3.91129345e-01   2.36593075e+11  2.70000000e-02   5.00000000e-01 
 179  7.90000000e+01  8.56901435e+09  2.99062543e-01   1.05038362e+11  2.70000000e-02   5.00000000e-01 
 180  8.00000000e+01  5.22496538e+09  2.88264574e-01   4.63870998e+11  2.70000000e-02   5.00000000e-01 
 181  8.10000000e+01  1.16222730e+09  2.59839135e-01   1.12641388e+11  2.70000000e-02   5.00000000e-01 
 182  8.20000000e+01  9.62689060e+09  3.10201442e-01   4.50233944e+11  2.70000000e-02   5.00000000e-01 
 183  8.30000000e+01  9.77750076e+09  3.74637045e-01   4.42009025e+11  2.70000000e-02   5.00000000e-01 
 184  8.40000000e+01  9.26441703e+09  3.16719988e-01   6.14629833e+11  2.70000000e-02   5.00000000e-01 
 185  8.50000000e+01  9.37362475e+09  2.32950285e-01   6.51778185e+11  2.70000000e-02   5.00000000e-01 
 186  8.60000000e+01  9.30719862e+09  2.18000084e-01   3.39506854e+11  2.70000000e-02   5.00000000e-01 
 187  8.70000000e+01  6.29317921e+09  2.16841880e-01   2.74347641e+11  2.70000000e-02   5.00000000e-01 
 188  8.80000000e+01  8.95882731e+09  2.01779244e-01   3.84727885e+11  2.70000000e-02   5.00000000e-01 
 189  8.90000000e+01  3.67899877e+09  3.48360378e-01   6.53075915e+10  2.70000000e-02   5.00000000e-01 
 190  9.00000000e+01  6.56642466e+09  2.47317069e-01   7.38188897e+10  2.70000000e-02   5.00000000e-01 
 191  9.10000000e+01  5.43153352e+09  2.63876857e-01   6.91826295e+11  2.70000000e-02   5.00000000e-01 
 192  9.20000000e+01  7.61897725e+09  3.75487398e-01   2.68950605e+11  2.70000000e-02   5.00000000e-01 
 193  9.30000000e+01  5.51878166e+09  3.47398771e-01   3.91709413e+11  2.70000000e-02   5.00000000e-01 
 194  9.40000000e+01  2.43712925e+09  2.92847702e-01   7.58172004e+11  2.70000000e-02   5.00000000e-01 
 195  9.50000000e+01  1.51446138e+09  3.80706134e-01   3.60047242e+11  2.70000000e-02   5.00000000e-01 
 196  9.60000000e+01  8.13535539e+09  2.15508314e-01   3.14577716e+11  2.70000000e-02   5.00000000e-01 
 197  9.70000000e+01  3.42833941e+09  2.99370096e-01   8.25795115e+11  2.70000000e-02   5.00000000e-01 
 198  9.80000000e+01  4.62333549e+09  2.62191219e-01   9.73916507e+11  2.70000000e-02   5.00000000e-01 
 199  9.90000000e+01  8.82360028e+09  3.85171655e-01   4.97507446e+11  2.70000000e-02   5.00000000e-01 
 200  1.00000000e+02  3.86672274e+09  3.08374442e-01   8.71521725e+11  2.70000000e-02   5.00000000e-01 
