   1  3.32865000e+10  1.53652000e+10  3.57098000e+08   1.53668000e+10  3.32158000e+10   6.84870000e+08   0.00000000e+00  0.00000000e+00   8.24250000e+09 
   2  1.72841000e+10  6.30950000e+09  1.34001000e+08   6.30980000e+09  1.72579000e+10   3.14246000e+08   0.00000000e+00  0.00000000e+00   5.18120000e+09 
   3  6.30620000e+09  2.60354000e+09  7.60260000e+07   2.60396000e+09  6.28970000e+09   1.42776000e+08   0.00000000e+00  0.00000000e+00   1.70093000e+09 
   4  3.33235000e+10  1.66600000e+10  3.00548000e+08   1.66606000e+10  3.32889000e+10   5.97693000e+08   0.00000000e+00  0.00000000e+00   7.80450000e+09 
   5  2.17477000e+10  9.58890000e+09  2.45199000e+08   9.59000000e+09  2.16947000e+10   4.69229000e+08   0.00000000e+00  0.00000000e+00   5.57050000e+09 
   6  2.23960000e+10  8.59860000e+09  2.25208000e+08   8.59980000e+09  2.23430000e+10   4.65648000e+08   0.00000000e+00  0.00000000e+00   6.39420000e+09 
   7  1.42162000e+10  3.82392000e+09  1.26432000e+08   3.82450000e+09  1.41801000e+10   2.92621000e+08   0.00000000e+00  0.00000000e+00   4.86688000e+09 
   8  2.46055000e+10  8.58710000e+09  2.02127000e+08   8.58800000e+09  2.45593000e+10   4.64065000e+08   0.00000000e+00  0.00000000e+00   7.53170000e+09 
   9  2.85618000e+09  8.23580000e+08  3.88470000e+07   8.23780000e+08  2.84828000e+09   7.20970000e+07   0.00000000e+00  0.00000000e+00   9.46990000e+08 
  10  1.69206000e+10  8.85980000e+09  2.18829000e+08   8.86090000e+09  1.68795000e+10   3.77024000e+08   0.00000000e+00  0.00000000e+00   3.62432000e+09 
  11  3.16219000e+10  1.45295000e+10  3.42505000e+08   1.45312000e+10  3.15530000e+10   6.54650000e+08   0.00000000e+00  0.00000000e+00   7.85750000e+09 
  12  4.45452000e+09  2.33907000e+09  5.78758000e+07   2.33935000e+09  4.44379000e+09   9.91940000e+07   0.00000000e+00  0.00000000e+00   9.52010000e+08 
  13  3.19772000e+10  1.53864000e+10  3.56585000e+08   1.53880000e+10  3.19087000e+10   6.64060000e+08   0.00000000e+00  0.00000000e+00   7.60080000e+09 
  14  2.01498000e+10  8.32420000e+09  1.99489000e+08   8.32510000e+09  2.01065000e+10   4.05431000e+08   0.00000000e+00  0.00000000e+00   5.48780000e+09 
  15  1.79678000e+10  8.67110000e+09  2.14553000e+08   8.67220000e+09  1.79248000e+10   3.91116000e+08   0.00000000e+00  0.00000000e+00   4.22715000e+09 
  16  3.28317000e+09  8.32800000e+08  4.38111000e+07   8.33010000e+08  3.27405000e+09   8.26870000e+07   0.00000000e+00  0.00000000e+00   1.14571000e+09 
  17  1.26752000e+10  5.60880000e+09  1.61704000e+08   5.60970000e+09  1.26422000e+10   2.92190000e+08   0.00000000e+00  0.00000000e+00   3.22889000e+09 
  18  3.15845000e+10  1.69203000e+10  2.90193000e+08   1.69207000e+10  3.15555000e+10   5.50452000e+08   0.00000000e+00  0.00000000e+00   6.86660000e+09 
  19  2.42754000e+10  1.23933000e+10  1.64153000e+08   1.23935000e+10  2.42666000e+10   3.43889000e+08   0.00000000e+00  0.00000000e+00   5.72140000e+09 
  20  6.32610000e+09  1.80579000e+09  5.73855000e+07   1.80607000e+09  6.31020000e+09   1.30239000e+08   0.00000000e+00  0.00000000e+00   2.11537000e+09 
  21  2.74840000e+10  1.22709000e+10  2.99470000e+08   1.22722000e+10  2.74213000e+10   5.77963000e+08   0.00000000e+00  0.00000000e+00   6.98850000e+09 
  22  4.84199000e+09  1.24412000e+09  4.43752000e+07   1.24432000e+09  4.82939000e+09   1.01173000e+08   0.00000000e+00  0.00000000e+00   1.68607000e+09 
  23  2.64312000e+10  1.21937000e+10  2.94995000e+08   1.21952000e+10  2.63711000e+10   5.58540000e+08   0.00000000e+00  0.00000000e+00   6.52290000e+09 
  24  1.12237000e+10  3.41825000e+09  6.30961000e+07   3.41836000e+09  1.12125000e+10   1.78764000e+08   0.00000000e+00  0.00000000e+00   3.74798000e+09 
  25  7.95110000e+09  2.52973000e+09  7.87686000e+07   2.53014000e+09  7.93060000e+09   1.68898000e+08   0.00000000e+00  0.00000000e+00   2.52528000e+09 
  26  1.23636000e+10  5.38420000e+09  9.15300000e+07   5.38440000e+09  1.23515000e+10   2.04807000e+08   0.00000000e+00  0.00000000e+00   3.31654000e+09 
  27  4.06565000e+10  2.20134000e+10  5.15548000e+08   2.20154000e+10  4.05676000e+10   8.83670000e+08   0.00000000e+00  0.00000000e+00   8.38280000e+09 
  28  9.03300000e+09  3.87851000e+09  1.15758000e+08   3.87917000e+09  9.00920000e+09   2.10165000e+08   0.00000000e+00  0.00000000e+00   2.35930000e+09 
  29  2.28706000e+10  6.62440000e+09  1.97934000e+08   6.62520000e+09  2.28161000e+10   4.59777000e+08   0.00000000e+00  0.00000000e+00   7.61400000e+09 
  30  6.21240000e+09  2.84389000e+09  7.68030000e+07   2.84432000e+09  6.19660000e+09   1.39547000e+08   0.00000000e+00  0.00000000e+00   1.53663000e+09 
  31  2.08973000e+10  8.94940000e+09  1.67771000e+08   8.94980000e+09  2.08723000e+10   3.69734000e+08   0.00000000e+00  0.00000000e+00   5.63800000e+09 
  32  1.21774000e+10  3.27327000e+09  8.13715000e+07   3.27352000e+09  1.21565000e+10   2.13920000e+08   0.00000000e+00  0.00000000e+00   4.23565000e+09 
  33  7.05470000e+09  2.44496000e+09  8.33780000e+07   2.44541000e+09  7.03570000e+09   1.62395000e+08   0.00000000e+00  0.00000000e+00   2.13524000e+09 
  34  6.75750000e+09  2.26071000e+09  7.38163000e+07   2.26112000e+09  6.73980000e+09   1.50016000e+08   0.00000000e+00  0.00000000e+00   2.08727000e+09 
  35  2.54258000e+10  7.17120000e+09  2.19800000e+08   7.17230000e+09  2.53644000e+10   5.13629000e+08   0.00000000e+00  0.00000000e+00   8.55450000e+09 
  36  1.71011000e+10  8.02980000e+09  1.94013000e+08   8.03080000e+09  1.70622000e+10   3.62088000e+08   0.00000000e+00  0.00000000e+00   4.15207000e+09 
  37  2.64760000e+10  1.29137000e+10  3.04929000e+08   1.29150000e+10  2.64177000e+10   5.62214000e+08   0.00000000e+00  0.00000000e+00   6.18320000e+09 
  38  2.93986000e+10  1.37457000e+10  3.41918000e+08   1.37472000e+10  2.93283000e+10   6.35117000e+08   0.00000000e+00  0.00000000e+00   7.14350000e+09 
  39  2.18892000e+10  9.70200000e+09  2.51382000e+08   9.70330000e+09  2.18351000e+10   4.75902000e+08   0.00000000e+00  0.00000000e+00   5.58000000e+09 
  40  1.88780000e+10  4.94583000e+09  1.50165000e+08   4.94651000e+09  1.88355000e+10   3.64479000e+08   0.00000000e+00  0.00000000e+00   6.56900000e+09 
  41  1.36207000e+10  4.81913000e+09  1.42745000e+08   4.81989000e+09  1.35854000e+10   2.94140000e+08   0.00000000e+00  0.00000000e+00   4.07905000e+09 
  42  3.00566000e+10  1.29728000e+10  3.20886000e+08   1.29742000e+10  2.99878000e+10   6.32017000e+08   0.00000000e+00  0.00000000e+00   7.86090000e+09 
  43  1.84860000e+10  7.65800000e+09  1.81770000e+08   7.65880000e+09  1.84470000e+10   3.71852000e+08   0.00000000e+00  0.00000000e+00   5.02290000e+09 
  44  5.55250000e+09  2.12856000e+09  6.84795000e+07   2.12895000e+09  5.53770000e+09   1.29064000e+08   0.00000000e+00  0.00000000e+00   1.57769000e+09 
  45  3.08066000e+10  1.45633000e+10  2.92827000e+08   1.45643000e+10  3.07573000e+10   5.78571000e+08   0.00000000e+00  0.00000000e+00   7.56190000e+09 
  46  8.27100000e+09  2.09662000e+09  7.54741000e+07   2.09699000e+09  8.24920000e+09   1.73166000e+08   0.00000000e+00  0.00000000e+00   2.89217000e+09 
  47  5.69750000e+09  1.56267000e+09  5.65220000e+07   1.56296000e+09  5.68260000e+09   1.22722000e+08   0.00000000e+00  0.00000000e+00   1.93386000e+09 
  48  2.57451000e+10  1.10725000e+10  2.72963000e+08   1.10738000e+10  2.56863000e+10   5.36231000e+08   0.00000000e+00  0.00000000e+00   6.76540000e+09 
  49  4.64170000e+09  1.45100000e+09  5.45216000e+07   1.45129000e+09  4.62905000e+09   1.07766000e+08   0.00000000e+00  0.00000000e+00   1.48328000e+09 
  50  9.36630000e+09  2.79445000e+09  8.67461000e+07   2.79487000e+09  9.34270000e+09   1.94070000e+08   0.00000000e+00  0.00000000e+00   3.07026000e+09 
  51  1.02063000e+10  3.50632000e+09  1.17588000e+08   3.50696000e+09  1.01792000e+10   2.31840000e+08   0.00000000e+00  0.00000000e+00   3.10656000e+09 
  52  1.76964000e+10  5.41330000e+09  1.64206000e+08   5.41400000e+09  1.76524000e+10   3.65955000e+08   0.00000000e+00  0.00000000e+00   5.73570000e+09 
  53  7.03020000e+09  1.89003000e+09  7.15628000e+07   1.89041000e+09  7.01110000e+09   1.53949000e+08   0.00000000e+00  0.00000000e+00   2.40250000e+09 
  54  1.50655000e+10  6.48180000e+09  1.70585000e+08   6.48260000e+09  1.50278000e+10   3.27773000e+08   0.00000000e+00  0.00000000e+00   3.93549000e+09 
  55  1.29542000e+10  5.59310000e+09  1.51650000e+08   5.59390000e+09  1.29209000e+10   2.86740000e+08   0.00000000e+00  0.00000000e+00   3.37088000e+09 
  56  1.10314000e+10  4.68458000e+09  1.24719000e+08   4.68524000e+09  1.10038000e+10   2.39602000e+08   0.00000000e+00  0.00000000e+00   2.91609000e+09 
  57  7.72220000e+09  3.73041000e+09  9.18500000e+07   3.73086000e+09  7.70390000e+09   1.67800000e+08   0.00000000e+00  0.00000000e+00   1.81492000e+09 
  58  1.84308000e+10  5.68730000e+09  1.66366000e+08   5.68820000e+09  1.83866000e+10   3.73626000e+08   0.00000000e+00  0.00000000e+00   5.96260000e+09 
  59  1.33258000e+10  5.48880000e+09  1.49769000e+08   5.48970000e+09  1.32920000e+10   2.90737000e+08   0.00000000e+00  0.00000000e+00   3.60460000e+09 
  60  2.56788000e+10  7.93160000e+09  2.31552000e+08   7.93270000e+09  2.56178000e+10   5.19007000e+08   0.00000000e+00  0.00000000e+00   8.30860000e+09 
  61  5.62000000e+09  2.09220000e+09  5.21204000e+07   2.09241000e+09  5.60800000e+09   1.12711000e+08   0.00000000e+00  0.00000000e+00   1.64356000e+09 
  62  2.44644000e+10  1.20028000e+10  2.68938000e+08   1.20037000e+10  2.44162000e+10   5.02232000e+08   0.00000000e+00  0.00000000e+00   5.71130000e+09 
  63  3.12034000e+10  1.42432000e+10  2.91134000e+08   1.42441000e+10  3.11562000e+10   5.93459000e+08   0.00000000e+00  0.00000000e+00   7.90430000e+09 
  64  2.27800000e+10  1.02015000e+10  2.54728000e+08   1.02029000e+10  2.27259000e+10   4.86817000e+08   0.00000000e+00  0.00000000e+00   5.76420000e+09 
  65  2.44442000e+10  6.34330000e+09  2.02291000e+08   6.34420000e+09  2.43860000e+10   4.87420000e+08   0.00000000e+00  0.00000000e+00   8.50560000e+09 
  66  1.21751000e+10  4.59667000e+09  1.33676000e+08   4.59740000e+09  1.21441000e+10   2.65673000e+08   0.00000000e+00  0.00000000e+00   3.50526000e+09 
  67  1.93087000e+10  5.98930000e+09  1.65911000e+08   5.98990000e+09  1.92652000e+10   3.83167000e+08   0.00000000e+00  0.00000000e+00   6.24200000e+09 
  68  3.17753000e+09  9.06630000e+08  3.30847000e+07   9.06810000e+08  3.16897000e+09   7.00580000e+07   0.00000000e+00  0.00000000e+00   1.05939000e+09 
  69  2.23867000e+10  6.35690000e+09  1.73804000e+08   6.35740000e+09  2.23403000e+10   4.25037000e+08   0.00000000e+00  0.00000000e+00   7.56050000e+09 
  70  1.02150000e+10  4.47211000e+09  1.18624000e+08   4.47274000e+09  1.01891000e+10   2.24191000e+08   0.00000000e+00  0.00000000e+00   2.62954000e+09 
  71  7.78190000e+09  4.09865000e+09  1.15135000e+08   4.09928000e+09  7.76160000e+09   1.87693000e+08   0.00000000e+00  0.00000000e+00   1.64960000e+09 
  72  9.29570000e+09  3.77643000e+09  1.08044000e+08   3.77703000e+09  9.27160000e+09   2.07006000e+08   0.00000000e+00  0.00000000e+00   2.53867000e+09 
  73  6.66330000e+09  2.17190000e+09  6.55279000e+07   2.17223000e+09  6.64640000e+09   1.40522000e+08   0.00000000e+00  0.00000000e+00   2.09157000e+09 
  74  1.99666000e+10  8.80400000e+09  2.17475000e+08   8.80500000e+09  1.99206000e+10   4.19632000e+08   0.00000000e+00  0.00000000e+00   5.13520000e+09 
  75  1.76681000e+10  4.85465000e+09  1.46950000e+08   4.85527000e+09  1.76272000e+10   3.51001000e+08   0.00000000e+00  0.00000000e+00   6.01770000e+09 
  76  9.53540000e+09  4.56886000e+09  1.09078000e+08   4.56937000e+09  9.51410000e+09   2.02438000e+08   0.00000000e+00  0.00000000e+00   2.26764000e+09 
  77  1.13762000e+10  3.21865000e+09  1.05774000e+08   3.21917000e+09  1.13469000e+10   2.37820000e+08   0.00000000e+00  0.00000000e+00   3.81300000e+09 
  78  5.08200000e+09  2.66794000e+09  6.65451000e+07   2.66828000e+09  5.06952000e+09   1.14071000e+08   0.00000000e+00  0.00000000e+00   1.08390000e+09 
  79  2.23779000e+10  8.80120000e+09  1.61832000e+08   8.80170000e+09  2.23484000e+10   3.72009000e+08   0.00000000e+00  0.00000000e+00   6.45400000e+09 
  80  1.47301000e+10  5.12310000e+09  1.40802000e+08   5.12380000e+09  1.46949000e+10   3.04286000e+08   0.00000000e+00  0.00000000e+00   4.46930000e+09 
  81  3.12435000e+09  9.85510000e+08  2.95172000e+07   9.85660000e+08  3.11660000e+09   6.47969000e+07   0.00000000e+00  0.00000000e+00   9.98140000e+08 
  82  2.82371000e+10  1.09561000e+10  2.68779000e+08   1.09575000e+10  2.81761000e+10   5.64915000e+08   0.00000000e+00  0.00000000e+00   8.04310000e+09 
  83  3.57565000e+10  1.77034000e+10  3.93677000e+08   1.77050000e+10  3.56866000e+10   7.31380000e+08   0.00000000e+00  0.00000000e+00   8.27290000e+09 
  84  2.77598000e+10  1.08128000e+10  2.73072000e+08   1.08138000e+10  2.76972000e+10   5.69635000e+08   0.00000000e+00  0.00000000e+00   7.85990000e+09 
  85  2.39684000e+10  6.78870000e+09  2.06557000e+08   6.78970000e+09  2.39111000e+10   4.81646000e+08   0.00000000e+00  0.00000000e+00   8.05600000e+09 
  86  2.27390000e+10  6.04260000e+09  1.73992000e+08   6.04320000e+09  2.26911000e+10   4.34106000e+08   0.00000000e+00  0.00000000e+00   7.87840000e+09 
  87  1.54812000e+10  4.08770000e+09  1.21570000e+08   4.08817000e+09  1.54474000e+10   2.99871000e+08   0.00000000e+00  0.00000000e+00   5.36850000e+09 
  88  2.16999000e+10  5.42630000e+09  1.67087000e+08   5.42690000e+09  2.16519000e+10   4.18319000e+08   0.00000000e+00  0.00000000e+00   7.67710000e+09 
  89  1.12379000e+10  5.06090000e+09  9.76730000e+07   5.06120000e+09  1.12222000e+10   2.03501000e+08   0.00000000e+00  0.00000000e+00   2.89797000e+09 
  90  1.49591000e+10  4.43894000e+09  8.91952000e+07   4.43911000e+09  1.49408000e+10   2.45620000e+08   0.00000000e+00  0.00000000e+00   5.03590000e+09 
  91  1.47734000e+10  4.72412000e+09  1.45409000e+08   4.72488000e+09  1.47357000e+10   3.12385000e+08   0.00000000e+00  0.00000000e+00   4.68209000e+09 
  92  2.73799000e+10  1.35068000e+10  2.90562000e+08   1.35077000e+10  2.73315000e+10   5.48870000e+08   0.00000000e+00  0.00000000e+00   6.38280000e+09 
  93  1.84326000e+10  8.22150000e+09  2.01205000e+08   8.22250000e+09  1.83905000e+10   3.86606000e+08   0.00000000e+00  0.00000000e+00   4.69553000e+09 
  94  7.07650000e+09  2.51116000e+09  7.85419000e+07   2.51160000e+09  7.05790000e+09   1.57348000e+08   0.00000000e+00  0.00000000e+00   2.11320000e+09 
  95  5.96980000e+09  3.00342000e+09  7.72100000e+07   3.00383000e+09  5.95470000e+09   1.34707000e+08   0.00000000e+00  0.00000000e+00   1.33834000e+09 
  96  2.00006000e+10  5.39170000e+09  1.56725000e+08   5.39230000e+09  1.99571000e+10   3.83481000e+08   0.00000000e+00  0.00000000e+00   6.88840000e+09 
  97  1.01017000e+10  3.69176000e+09  1.15144000e+08   3.69239000e+09  1.00752000e+10   2.26396000e+08   0.00000000e+00  0.00000000e+00   2.96464000e+09 
  98  1.26060000e+10  3.98710000e+09  1.30438000e+08   3.98780000e+09  1.25728000e+10   2.74040000e+08   0.00000000e+00  0.00000000e+00   4.01099000e+09 
  99  3.43039000e+10  1.76281000e+10  3.99259000e+08   1.76296000e+10  3.42346000e+10   7.18890000e+08   0.00000000e+00  0.00000000e+00   7.58840000e+09 
 100  1.16253000e+10  4.38496000e+09  1.27843000e+08   4.38566000e+09  1.15951000e+10   2.54901000e+08   0.00000000e+00  0.00000000e+00   3.34391000e+09 
 101  4.50324000e+10  1.90443000e+10  7.54902000e+08   1.90173000e+10  4.55149000e+10   1.18009000e+09   0.00000000e+00  0.00000000e+00   1.14780000e+10 
 102  2.21608000e+10  7.47720000e+09  2.55649000e+08   7.47200000e+09  2.23357000e+10   4.67973000e+08   0.00000000e+00  0.00000000e+00   6.79270000e+09 
 103  8.90040000e+09  3.35188000e+09  1.78038000e+08   3.34327000e+09  9.02800000e+09   2.71728000e+08   0.00000000e+00  0.00000000e+00   2.41775000e+09 
 104  4.06186000e+10  1.83908000e+10  4.76876000e+08   1.83836000e+10  4.08242000e+10   8.10580000e+08   0.00000000e+00  0.00000000e+00   1.02168000e+10 
 105  3.02096000e+10  1.20318000e+10  5.64636000e+08   1.20067000e+10  3.05988000e+10   8.72760000e+08   0.00000000e+00  0.00000000e+00   7.91880000e+09 
 106  3.09878000e+10  1.09738000e+10  5.24837000e+08   1.09524000e+10  3.13847000e+10   8.47400000e+08   0.00000000e+00  0.00000000e+00   8.89340000e+09 
 107  2.00018000e+10  5.14510000e+09  3.27107000e+08   5.13070000e+09  2.02984000e+10   5.55659000e+08   0.00000000e+00  0.00000000e+00   6.69080000e+09 
 108  3.26437000e+10  1.07691000e+10  4.25069000e+08   1.07574000e+10  3.29675000e+10   7.47330000e+08   0.00000000e+00  0.00000000e+00   1.00246000e+10 
 109  4.10321000e+09  1.12430000e+09  9.01964000e+07   1.11999000e+09  4.17207000e+09   1.37873000e+08   0.00000000e+00  0.00000000e+00   1.32318000e+09 
 110  2.33846000e+10  1.09533000e+10  4.79563000e+08   1.09318000e+10  2.36650000e+10   7.00190000e+08   0.00000000e+00  0.00000000e+00   5.27080000e+09 
 111  4.30085000e+10  1.81453000e+10  7.32894000e+08   1.81179000e+10  4.34844000e+10   1.14079000e+09   0.00000000e+00  0.00000000e+00   1.09621000e+10 
 112  6.15540000e+09  2.90993000e+09  1.25603000e+08   2.90431000e+09  6.22870000e+09   1.82799000e+08   0.00000000e+00  0.00000000e+00   1.37912000e+09 
 113  4.33444000e+10  1.91219000e+10  7.48524000e+08   1.90946000e+10  4.38082000e+10   1.14919000e+09   0.00000000e+00  0.00000000e+00   1.06352000e+10 
 114  2.74009000e+10  1.05884000e+10  4.32576000e+08   1.05730000e+10  2.77083000e+10   6.97530000e+08   0.00000000e+00  0.00000000e+00   7.52400000e+09 
 115  2.48177000e+10  1.07759000e+10  4.77757000e+08   1.07550000e+10  2.51202000e+10   7.20090000e+08   0.00000000e+00  0.00000000e+00   6.05670000e+09 
 116  4.72243000e+09  1.16572000e+09  1.02305200e+08   1.16097000e+09  4.80294000e+09   1.57982000e+08   0.00000000e+00  0.00000000e+00   1.58967000e+09 
 117  1.78691000e+10  7.16850000e+09  3.70956000e+08   7.15060000e+09  1.81204000e+10   5.54839000e+08   0.00000000e+00  0.00000000e+00   4.62420000e+09 
 118  3.80575000e+10  1.87267000e+10  4.39115000e+08   1.87208000e+10  3.82263000e+10   7.26410000e+08   0.00000000e+00  0.00000000e+00   8.89830000e+09 
 119  2.71524000e+10  1.28221000e+10  2.05192000e+08   1.28212000e+10  2.72027000e+10   3.90101000e+08   0.00000000e+00  0.00000000e+00   6.85290000e+09 
 120  8.87690000e+09  2.42471000e+09  1.45037000e+08   2.41849000e+09  9.00520000e+09   2.44392000e+08   0.00000000e+00  0.00000000e+00   2.90471000e+09 
 121  3.76736000e+10  1.53061000e+10  6.62869000e+08   1.52799000e+10  3.81173000e+10   1.03441000e+09   0.00000000e+00  0.00000000e+00   9.82430000e+09 
 122  6.85400000e+09  1.71381000e+09  1.15096500e+08   1.70860000e+09  6.95940000e+09   1.93772000e+08   0.00000000e+00  0.00000000e+00   2.31539000e+09 
 123  3.61976000e+10  1.51736000e+10  6.46640000e+08   1.51479000e+10  3.66185000e+10   9.98590000e+08   0.00000000e+00  0.00000000e+00   9.19960000e+09 
 124  1.36757000e+10  3.88402000e+09  1.06690340e+08   3.88281000e+09  1.37493000e+10   2.34233000e+08   0.00000000e+00  0.00000000e+00   4.65471000e+09 
 125  1.12161000e+10  3.35747000e+09  1.96573100e+08   3.34848000e+09  1.13819000e+10   3.21247000e+08   0.00000000e+00  0.00000000e+00   3.50548000e+09 
 126  1.50209000e+10  6.07100000e+09  1.44957300e+08   6.06930000e+09  1.50957000e+10   2.69359000e+08   0.00000000e+00  0.00000000e+00   4.19669000e+09 
 127  5.50070000e+10  2.66911000e+10  1.06752000e+09   2.66496000e+10  5.55780000e+10   1.56305000e+09   0.00000000e+00  0.00000000e+00   1.20862000e+10 
 128  1.27765000e+10  4.97542000e+09  2.67690000e+08   4.96218000e+09  1.29613000e+10   4.01464000e+08   0.00000000e+00  0.00000000e+00   3.37654000e+09 
 129  3.17038000e+10  8.74070000e+09  4.87734000e+08   8.72170000e+09  3.21294000e+10   8.37050000e+08   0.00000000e+00  0.00000000e+00   1.03887000e+10 
 130  8.70400000e+09  3.61176000e+09  1.74992000e+08   3.60349000e+09  8.82080000e+09   2.62501000e+08   0.00000000e+00  0.00000000e+00   2.19935000e+09 
 131  2.59472000e+10  1.01536000e+10  2.85240600e+08   1.01491000e+10  2.61046000e+10   5.14443000e+08   0.00000000e+00  0.00000000e+00   7.32160000e+09 
 132  1.59679000e+10  4.29976000e+09  1.70595000e+08   4.29592000e+09  1.61167000e+10   3.28839000e+08   0.00000000e+00  0.00000000e+00   5.45350000e+09 
 133  1.00505000e+10  3.22679000e+09  2.01330000e+08   3.21687000e+09  1.02075000e+10   3.13436000e+08   0.00000000e+00  0.00000000e+00   3.00658000e+09 
 134  9.60290000e+09  2.99095000e+09  1.82268300e+08   2.98208000e+09  9.75080000e+09   2.89670000e+08   0.00000000e+00  0.00000000e+00   2.92557000e+09 
 135  3.53449000e+10  9.45970000e+09  5.49902000e+08   9.43780000e+09  3.58301000e+10   9.44960000e+08   0.00000000e+00  0.00000000e+00   1.16999000e+10 
 136  2.34484000e+10  1.00591000e+10  4.22011000e+08   1.00421000e+10  2.37203000e+10   6.46019000e+08   0.00000000e+00  0.00000000e+00   5.85200000e+09 
 137  3.59276000e+10  1.57654000e+10  6.49818000e+08   1.57406000e+10  3.63192000e+10   9.92110000e+08   0.00000000e+00  0.00000000e+00   8.77310000e+09 
 138  4.06291000e+10  1.71647000e+10  7.65654000e+08   1.71316000e+10  4.11286000e+10   1.16613000e+09   0.00000000e+00  0.00000000e+00   1.01782000e+10 
 139  3.05009000e+10  1.22515000e+10  5.78802000e+08   1.22252000e+10  3.08999000e+10   8.88640000e+08   0.00000000e+00  0.00000000e+00   7.93810000e+09 
 140  2.59284000e+10  6.77940000e+09  3.60098000e+08   6.76670000e+09  2.62560000e+10   6.37080000e+08   0.00000000e+00  0.00000000e+00   8.77380000e+09 
 141  1.92264000e+10  6.28180000e+09  3.51926000e+08   6.26530000e+09  1.95091000e+10   5.63202000e+08   0.00000000e+00  0.00000000e+00   5.72200000e+09 
 142  4.12192000e+10  1.60971000e+10  7.20648000e+08   1.60684000e+10  4.17122000e+10   1.13747000e+09   0.00000000e+00  0.00000000e+00   1.10547000e+10 
 143  2.50145000e+10  9.59020000e+09  3.92330000e+08   9.57660000e+09  2.52888000e+10   6.36598000e+08   0.00000000e+00  0.00000000e+00   6.90090000e+09 
 144  7.89820000e+09  2.76821000e+09  1.67162200e+08   2.76005000e+09  8.01910000e+09   2.50405000e+08   0.00000000e+00  0.00000000e+00   2.24018000e+09 
 145  3.98815000e+10  1.76114000e+10  5.41000000e+08   1.75985000e+10  4.01958000e+10   8.81140000e+08   0.00000000e+00  0.00000000e+00   1.01011000e+10 
 146  1.17371000e+10  2.87702000e+09  1.99041400e+08   2.86779000e+09  1.19214000e+10   3.35509000e+08   0.00000000e+00  0.00000000e+00   3.98443000e+09 
 147  8.08740000e+09  2.14328000e+09  1.42936300e+08   2.13670000e+09  8.21310000e+09   2.35104000e+08   0.00000000e+00  0.00000000e+00   2.66688000e+09 
 148  3.53485000e+10  1.39879000e+10  6.06759000e+08   1.39640000e+10  3.57698000e+10   9.55600000e+08   0.00000000e+00  0.00000000e+00   9.43830000e+09 
 149  6.63980000e+09  1.94621000e+09  1.33237000e+08   1.93963000e+09  6.74730000e+09   2.09162000e+08   0.00000000e+00  0.00000000e+00   2.07863000e+09 
 150  1.31486000e+10  3.71719000e+09  2.18555800e+08   3.70764000e+09  1.33388000e+10   3.65443000e+08   0.00000000e+00  0.00000000e+00   4.23298000e+09 
 151  1.45079000e+10  4.63604000e+09  2.83966000e+08   4.62232000e+09  1.47312000e+10   4.45049000e+08   0.00000000e+00  0.00000000e+00   4.36043000e+09 
 152  2.47916000e+10  7.15940000e+09  4.10579000e+08   7.14170000e+09  2.51445000e+10   6.85800000e+08   0.00000000e+00  0.00000000e+00   7.91030000e+09 
 153  1.00313000e+10  2.59563000e+09  1.83111600e+08   2.58681000e+09  1.01932000e+10   2.99379000e+08   0.00000000e+00  0.00000000e+00   3.32735000e+09 
 154  2.10560000e+10  8.18930000e+09  4.00016000e+08   8.17080000e+09  2.13392000e+10   6.18305000e+08   0.00000000e+00  0.00000000e+00   5.60180000e+09 
 155  1.82033000e+10  7.10770000e+09  3.57324000e+08   7.09050000e+09  1.84560000e+10   5.46644000e+08   0.00000000e+00  0.00000000e+00   4.81411000e+09 
 156  1.54094000e+10  5.97430000e+09  2.89131000e+08   5.96130000e+09  1.56152000e+10   4.47301000e+08   0.00000000e+00  0.00000000e+00   4.12538000e+09 
 157  1.06462000e+10  4.61682000e+09  2.04126000e+08   4.60802000e+09  1.07746000e+10   3.08237000e+08   0.00000000e+00  0.00000000e+00   2.60116000e+09 
 158  2.56083000e+10  7.55560000e+09  4.03662000e+08   7.53940000e+09  2.59528000e+10   6.80060000e+08   0.00000000e+00  0.00000000e+00   8.14540000e+09 
 159  1.86904000e+10  7.01990000e+09  3.53380000e+08   7.00340000e+09  1.89485000e+10   5.49092000e+08   0.00000000e+00  0.00000000e+00   5.10430000e+09 
 160  3.56431000e+10  1.05901000e+10  5.57303000e+08   1.05681000e+10  3.61180000e+10   9.38740000e+08   0.00000000e+00  0.00000000e+00   1.13195000e+10 
 161  7.61430000e+09  2.60708000e+09  1.16256400e+08   2.60310000e+09  7.70080000e+09   1.94597000e+08   0.00000000e+00  0.00000000e+00   2.25281000e+09 
 162  3.25960000e+10  1.45164000e+10  5.42605000e+08   1.44987000e+10  3.29106000e+10   8.40860000e+08   0.00000000e+00  0.00000000e+00   7.96640000e+09 
 163  3.99079000e+10  1.65582000e+10  5.33138000e+08   1.65461000e+10  4.02070000e+10   8.92890000e+08   0.00000000e+00  0.00000000e+00   1.06066000e+10 
 164  3.14475000e+10  1.27451000e+10  5.75299000e+08   1.27206000e+10  3.18356000e+10   8.90520000e+08   0.00000000e+00  0.00000000e+00   8.16590000e+09 
 165  3.39096000e+10  8.47360000e+09  5.08891000e+08   8.45400000e+09  3.43721000e+10   8.89730000e+08   0.00000000e+00  0.00000000e+00   1.15556000e+10 
 166  1.71230000e+10  5.98240000e+09  3.17739000e+08   5.96780000e+09  1.73658000e+10   5.00127000e+08   0.00000000e+00  0.00000000e+00   4.91587000e+09 
 167  2.64511000e+10  7.73750000e+09  3.92218000e+08   7.72330000e+09  2.67790000e+10   6.76130000e+08   0.00000000e+00  0.00000000e+00   8.48420000e+09 
 168  4.53544000e+09  1.23043000e+09  8.42288000e+07   1.22630000e+09  4.60851000e+09   1.36577000e+08   0.00000000e+00  0.00000000e+00   1.47361000e+09 
 169  3.02119000e+10  8.30360000e+09  3.96807000e+08   8.29150000e+09  3.05542000e+10   7.13970000e+08   0.00000000e+00  0.00000000e+00   1.00643000e+10 
 170  1.42961000e+10  5.66990000e+09  2.76060000e+08   5.65690000e+09  1.44888000e+10   4.22878000e+08   0.00000000e+00  0.00000000e+00   3.74748000e+09 
 171  1.09230000e+10  5.15140000e+09  2.51155000e+08   5.13900000e+09  1.10670000e+10   3.55290000e+08   0.00000000e+00  0.00000000e+00   2.42123000e+09 
 172  1.31035000e+10  4.86038000e+09  2.55523000e+08   4.84814000e+09  1.32904000e+10   3.94075000e+08   0.00000000e+00  0.00000000e+00   3.60056000e+09 
 173  9.36790000e+09  2.86846000e+09  1.62002100e+08   2.86121000e+09  9.50320000e+09   2.65039000e+08   0.00000000e+00  0.00000000e+00   2.90049000e+09 
 174  2.74673000e+10  1.11259000e+10  4.82455000e+08   1.11064000e+10  2.77967000e+10   7.51700000e+08   0.00000000e+00  0.00000000e+00   7.19220000e+09 
 175  2.43749000e+10  6.38920000e+09  3.61542000e+08   6.37570000e+09  2.46947000e+10   6.31590000e+08   0.00000000e+00  0.00000000e+00   8.17130000e+09 
 176  1.30114000e+10  5.63780000e+09  2.35672000e+08   5.62860000e+09  1.31582000e+10   3.60344000e+08   0.00000000e+00  0.00000000e+00   3.21215000e+09 
 177  1.60655000e+10  4.32468000e+09  2.72275000e+08   4.31231000e+09  1.63079000e+10   4.55228000e+08   0.00000000e+00  0.00000000e+00   5.26590000e+09 
 178  7.04430000e+09  3.30175000e+09  1.46872800e+08   3.29493000e+09  7.13050000e+09   2.13682000e+08   0.00000000e+00  0.00000000e+00   1.58175000e+09 
 179  2.83269000e+10  1.09002000e+10  2.85096000e+08   1.08955000e+10  2.85183000e+10   5.22155000e+08   0.00000000e+00  0.00000000e+00   8.16610000e+09 
 180  2.04380000e+10  6.57030000e+09  3.38686000e+08   6.55640000e+09  2.07092000e+10   5.59198000e+08   0.00000000e+00  0.00000000e+00   6.19410000e+09 
 181  4.37456000e+09  1.30517000e+09  7.28526000e+07   1.30205000e+09  4.43626000e+09   1.20818000e+08   0.00000000e+00  0.00000000e+00   1.37613000e+09 
 182  3.84296000e+10  1.39615000e+10  5.93706000e+08   1.39406000e+10  3.88694000e+10   9.75330000e+08   0.00000000e+00  0.00000000e+00   1.09945000e+10 
 183  4.76004000e+10  2.14647000e+10  7.88896000e+08   2.14391000e+10  4.80545000e+10   1.21899000e+09   0.00000000e+00  0.00000000e+00   1.15202000e+10 
 184  3.80084000e+10  1.35730000e+10  6.20983000e+08   1.35495000e+10  3.84653000e+10   1.01264000e+09   0.00000000e+00  0.00000000e+00   1.08935000e+10 
 185  3.32804000e+10  9.02930000e+09  5.11734000e+08   9.00920000e+09  3.37320000e+10   8.79210000e+08   0.00000000e+00  0.00000000e+00   1.09792000e+10 
 186  3.07699000e+10  7.89010000e+09  4.06295300e+08   7.87750000e+09  3.11283000e+10   7.37480000e+08   0.00000000e+00  0.00000000e+00   1.05112000e+10 
 187  2.11189000e+10  5.37350000e+09  2.91027000e+08   5.36390000e+09  2.13781000e+10   5.21539000e+08   0.00000000e+00  0.00000000e+00   7.20710000e+09 
 188  2.96461000e+10  7.23730000e+09  4.03874000e+08   7.22370000e+09  3.00140000e+10   7.28830000e+08   0.00000000e+00  0.00000000e+00   1.02767000e+10 
 189  1.42570000e+10  5.97290000e+09  1.73027000e+08   5.96970000e+09  1.43563000e+10   2.95625000e+08   0.00000000e+00  0.00000000e+00   3.80550000e+09 
 190  1.86552000e+10  5.28640000e+09  1.61065900e+08   5.28400000e+09  1.87764000e+10   3.37324000e+08   0.00000000e+00  0.00000000e+00   6.32370000e+09 
 191  2.08021000e+10  6.26680000e+09  3.60994000e+08   6.25070000e+09  2.11055000e+10   5.90915000e+08   0.00000000e+00  0.00000000e+00   6.48970000e+09 
 192  3.58139000e+10  1.60238000e+10  5.58072000e+08   1.60082000e+10  3.61206000e+10   8.78720000e+08   0.00000000e+00  0.00000000e+00   8.79920000e+09 
 193  2.53098000e+10  1.03713000e+10  4.43113000e+08   1.03537000e+10  2.56088000e+10   6.89230000e+08   0.00000000e+00  0.00000000e+00   6.57370000e+09 
 194  1.00477000e+10  3.28802000e+09  1.93092000e+08   3.27850000e+09  1.02011000e+10   3.04406000e+08   0.00000000e+00  0.00000000e+00   2.97709000e+09 
 195  8.33290000e+09  3.75271000e+09  1.73768000e+08   3.74434000e+09  8.44030000e+09   2.54989000e+08   0.00000000e+00  0.00000000e+00   1.94565000e+09 
 196  2.72668000e+10  7.21440000e+09  3.69738000e+08   7.20230000e+09  2.75966000e+10   6.60310000e+08   0.00000000e+00  0.00000000e+00   9.19610000e+09 
 197  1.43136000e+10  4.82906000e+09  2.77324000e+08   4.81566000e+09  1.45276000e+10   4.33659000e+08   0.00000000e+00  0.00000000e+00   4.17486000e+09 
 198  1.78856000e+10  5.31200000e+09  3.26768000e+08   5.29640000e+09  1.81602000e+10   5.27995000e+08   0.00000000e+00  0.00000000e+00   5.59110000e+09 
 199  4.58525000e+10  2.12676000e+10  8.07196000e+08   2.12398000e+10  4.62993000e+10   1.22220000e+09   0.00000000e+00  0.00000000e+00   1.07126000e+10 
 200  1.64180000e+10  5.67820000e+09  3.10583000e+08   5.66340000e+09  1.66580000e+10   4.88661000e+08   0.00000000e+00  0.00000000e+00   4.71910000e+09 
