   1  4.27858183e+09  4.03561729e-01  7.48686463e+11   3.36075303e-01 
   2  5.79114941e+09  4.09099023e-01  1.63280483e+11   2.96308707e-01 
   3  7.40491035e+09  4.04649446e-01  1.52469245e+11   3.45272807e-01 
   4  8.84328866e+09  4.23174462e-01  6.09899463e+11   3.33428394e-01 
   5  3.95820651e+09  4.00466626e-01  2.61936036e+11   3.37851468e-01 
   6  6.85106223e+09  4.45751296e-01  3.30912663e+11   3.20142451e-01 
   7  9.77352533e+09  4.32137087e-01  4.07773009e+11   3.35480716e-01 
   8  1.68370625e+09  4.00070953e-01  4.12309588e+11   3.03032884e-01 
   9  6.28317250e+09  4.01519264e-01  3.92329227e+11   2.95642338e-01 
  10  4.72497848e+09  4.10423511e-01  6.13703806e+11   3.01867044e-01 
  11  3.78222784e+09  4.22748307e-01  1.75221815e+11   3.20916643e-01 
  12  3.37450637e+09  4.06363302e-01  1.96211152e+11   3.38093990e-01 
  13  7.82889639e+09  4.00432384e-01  1.03682581e+11   3.00332374e-01 
  14  9.95694383e+09  4.36353980e-01  3.29954410e+11   3.08178807e-01 
  15  2.67914300e+09  4.17705823e-01  7.71900960e+11   3.40344011e-01 
  16  8.03030742e+09  4.39022297e-01  2.41776822e+11   3.23031769e-01 
  17  2.76218183e+09  4.21832832e-01  7.42961815e+11   3.49383145e-01 
  18  9.93123076e+09  4.21827739e-01  6.95890230e+11   2.94258921e-01 
  19  8.22035413e+09  4.02460659e-01  8.25837431e+11   3.37904636e-01 
  20  4.81804039e+09  4.02481595e-01  8.29697774e+11   3.27310313e-01 
  21  7.55977481e+09  4.04555009e-01  3.00434255e+11   2.97426463e-01 
  22  5.48518224e+09  4.29701852e-01  3.16275550e+11   3.13304994e-01 
  23  8.28091240e+09  4.12054203e-01  5.27799500e+11   3.07935266e-01 
  24  4.20858040e+09  4.42068455e-01  3.32046003e+11   3.21960677e-01 
  25  1.65919091e+09  4.42860638e-01  8.33524085e+11   3.36036594e-01 
  26  6.31892310e+09  4.48180610e-01  8.12191843e+11   2.87354814e-01 
  27  9.19169048e+09  4.24444989e-01  5.61428279e+11   3.37500954e-01 
  28  2.74389343e+09  4.11015505e-01  2.70334393e+11   3.38876043e-01 
  29  4.89131012e+09  4.11310432e-01  6.83760540e+11   3.04815437e-01 
  30  7.74243756e+09  4.26839390e-01  2.41316614e+11   3.10104862e-01 
  31  1.35266038e+09  4.38105485e-01  4.61861111e+11   3.20056745e-01 
  32  9.51692491e+09  4.17378358e-01  3.90721226e+11   3.29057731e-01 
  33  7.87305991e+09  4.23061588e-01  5.43215424e+11   3.31972883e-01 
  34  6.02938495e+09  4.31966188e-01  9.91786684e+11   3.33051891e-01 
  35  2.65458650e+09  4.45866802e-01  7.57668198e+11   3.07239013e-01 
  36  5.48153934e+09  4.08078629e-01  9.80650301e+11   3.10051174e-01 
  37  5.66061040e+09  4.35781770e-01  2.42434814e+11   3.46944126e-01 
  38  9.94818710e+09  4.28886944e-01  5.33273498e+11   3.20107996e-01 
  39  8.69366515e+09  4.21664949e-01  6.09216930e+10   3.39480544e-01 
  40  9.66163546e+09  4.44212139e-01  7.59306716e+11   2.99344172e-01 
  41  7.11046908e+09  4.19652588e-01  6.05959969e+11   3.23562653e-01 
  42  4.63151250e+09  4.08948758e-01  8.58597022e+11   3.21185318e-01 
  43  9.41481178e+09  4.31666679e-01  9.88394368e+11   3.47442793e-01 
  44  5.31536091e+09  4.31200028e-01  9.30189628e+11   2.86013189e-01 
  45  3.08612450e+09  4.16397080e-01  4.15419784e+11   3.15034922e-01 
  46  4.56661224e+09  4.40148266e-01  1.03380476e+10   3.16511277e-01 
  47  7.34569728e+09  4.49973893e-01  5.45469540e+11   2.86311620e-01 
  48  6.02703131e+09  4.49048908e-01  2.15653316e+11   3.43326654e-01 
  49  7.80967631e+09  4.06351847e-01  2.27090752e+11   3.41907226e-01 
  50  9.95932953e+09  4.11612007e-01  3.32548200e+11   3.10729277e-01 
  51  9.66188264e+09  4.01181623e-01  1.04989922e+11   3.34720583e-01 
  52  5.81560395e+09  4.30371631e-01  7.50058325e+11   2.90392552e-01 
  53  9.67483117e+09  4.05540466e-01  7.51023868e+11   3.23387115e-01 
  54  2.04063291e+09  4.20372975e-01  5.47866439e+11   2.98243658e-01 
  55  1.46303464e+09  4.44203840e-01  3.44750993e+11   3.11195935e-01 
  56  3.73914051e+09  4.27406639e-01  8.34010325e+11   3.39079966e-01 
  57  6.22172650e+09  4.18450154e-01  5.57046456e+11   2.93734344e-01 
  58  5.77868007e+09  4.10417299e-01  9.57967686e+11   3.01269614e-01 
  59  9.11087283e+09  4.22047164e-01  8.93904986e+11   3.13830620e-01 
  60  5.86495383e+09  4.47809808e-01  3.62938581e+11   3.03646843e-01 
  61  4.88782550e+09  4.06201296e-01  5.50937874e+11   3.35894008e-01 
  62  5.88400289e+09  4.23538162e-01  3.53214934e+11   3.49124130e-01 
  63  7.41173325e+09  4.42844816e-01  6.26574763e+11   2.91133329e-01 
  64  1.15007242e+09  4.02169524e-01  7.98658438e+11   2.96581585e-01 
  65  8.20828794e+09  4.34581257e-01  7.48416153e+11   3.29156564e-01 
  66  2.28258392e+09  4.48949273e-01  1.34280869e+11   3.06283016e-01 
  67  5.30627026e+09  4.14163395e-01  8.24170067e+11   3.48159343e-01 
  68  3.31151819e+09  4.06689025e-01  3.48989964e+10   3.48061389e-01 
  69  4.32182520e+09  4.34263984e-01  4.20284592e+11   3.25058863e-01 
  70  6.95588422e+09  4.45472728e-01  7.34093393e+11   3.40206921e-01 
  71  2.52647932e+09  4.30543449e-01  7.83560260e+11   3.08131838e-01 
  72  3.50905618e+09  4.44999140e-01  3.73613056e+11   3.24235156e-01 
  73  2.78399615e+09  4.09671688e-01  7.47419178e+11   3.48966565e-01 
  74  2.75564380e+09  4.37721229e-01  8.93344516e+11   3.19163418e-01 
  75  3.94155684e+09  4.17313036e-01  2.50177352e+11   3.45351434e-01 
  76  8.92304074e+09  4.20931271e-01  1.38301006e+11   3.30424024e-01 
  77  5.23991679e+09  4.07785992e-01  2.32817203e+11   3.13882696e-01 
  78  4.63572435e+09  4.40950029e-01  3.56513780e+11   3.24732176e-01 
  79  2.61308329e+09  4.31246176e-01  2.94213767e+11   3.42134581e-01 
  80  9.72032497e+09  4.36928021e-01  9.28213127e+11   2.93911573e-01 
  81  4.66710164e+09  4.40255621e-01  6.08006192e+10   3.07675639e-01 
  82  8.60038657e+09  4.03361133e-01  5.96740088e+11   3.49452271e-01 
  83  6.53792587e+09  4.47539516e-01  1.71269911e+11   3.08164613e-01 
  84  4.38949970e+09  4.24878851e-01  8.40021712e+11   3.26119954e-01 
  85  8.89463574e+09  4.37757295e-01  1.75885321e+11   3.43094369e-01 
  86  8.06367185e+09  4.37120254e-01  5.07178609e+11   3.49676724e-01 
  87  5.18458855e+09  4.41556479e-01  9.99336184e+11   3.25721430e-01 
  88  8.32579234e+09  4.07825092e-01  3.61853080e+11   2.87590550e-01 
  89  9.08599723e+09  4.22865436e-01  5.66069325e+10   2.82527982e-01 
  90  4.86314689e+09  4.30905025e-01  2.21523979e+11   3.23266387e-01 
  91  4.00896478e+09  4.46609168e-01  4.03860733e+11   3.19700105e-01 
  92  6.36982394e+09  4.41754412e-01  3.40331499e+11   3.47337526e-01 
  93  9.11791728e+09  4.44771176e-01  2.37306507e+11   3.32227383e-01 
  94  7.31859804e+09  4.29125926e-01  9.36758976e+11   3.26376127e-01 
  95  4.39709592e+09  4.29137340e-01  6.86356897e+11   3.16631932e-01 
  96  7.61460333e+09  4.42746297e-01  9.62492658e+11   2.98192600e-01 
  97  9.58692508e+09  4.01743285e-01  4.43593446e+11   3.47339564e-01 
  98  5.88531802e+09  4.44271005e-01  9.40933288e+11   3.17814283e-01 
  99  5.86095249e+09  4.20386541e-01  1.57759813e+10   2.82118911e-01 
 100  3.79998676e+09  4.01819102e-01  6.14203960e+11   3.28742012e-01 
