9.41310000e+08
1.31150000e+09
1.61700000e+09
2.28970000e+09
8.48730000e+08
2.32350000e+09
2.77160000e+09
3.61440000e+08
1.35570000e+09
1.09470000e+09
9.71920000e+08
7.54840000e+08
1.63640000e+09
2.95590000e+09
6.61920000e+08
2.46410000e+09
7.09200000e+08
2.53610000e+09
1.79130000e+09
1.05160000e+09
1.66110000e+09
1.51710000e+09
1.93770000e+09
1.35930000e+09
5.44950000e+08
2.23960000e+09
2.40850000e+09
6.38410000e+08
1.14170000e+09
2.06240000e+09
4.16380000e+08
2.32400000e+09
2.03620000e+09
1.72010000e+09
9.10270000e+08
1.24770000e+09
1.67730000e+09
2.72600000e+09
2.11000000e+09
3.21520000e+09
1.78190000e+09
1.06170000e+09
2.67330000e+09
1.50280000e+09
7.52210000e+08
1.18000000e+09
2.67050000e+09
2.14590000e+09
1.73590000e+09
2.30810000e+09
2.02460000e+09
1.62740000e+09
2.15370000e+09
5.16550000e+08
4.89250000e+08
1.01530000e+09
1.54160000e+09
1.33970000e+09
2.33680000e+09
2.05680000e+09
1.09540000e+09
1.52820000e+09
2.41940000e+09
2.50860000e+08
2.40920000e+09
8.14810000e+08
1.26940000e+09
7.22610000e+08
1.26400000e+09
2.36460000e+09
7.10080000e+08
1.18410000e+09
6.42380000e+08
8.44000000e+08
9.65760000e+08
2.21450000e+09
1.18180000e+09
1.47430000e+09
7.38580000e+08
2.93510000e+09
1.42130000e+09
1.88360000e+09
2.25460000e+09
1.16060000e+09
2.66800000e+09
2.43760000e+09
1.66920000e+09
1.87640000e+09
2.18610000e+09
1.36060000e+09
1.38550000e+09
2.04400000e+09
3.02200000e+09
2.02100000e+09
1.21500000e+09
2.48810000e+09
2.06990000e+09
1.96800000e+09
1.26430000e+09
8.25330000e+08